function r = r_CH4(y)

kf=[1.5*10^-3 9.8*10^-4 4*10^-20 4.2*10^-13 6.4*10^-18 3.0*10^-11 9.5*10^-23 7.5*10^-17 1.1*10^-19 2.3*10^-20 9.3*10^-12 4.2*10^-19 3.9*10^-14 5.7*10^-11 2.2*10^-10 4.5*10^-10 6.5*10^-10 2.1*10^-10 7.8*10^-11 2.8*10^-11 2.0*10^-10 3.8*10^-11];

kb=[1.1*10^-9 5.0*10^-11 5.2*10^-15 2.6*10^-14 3.6*10^-14 6.1*10^-13 3.2*10^-17 2.9*10^-13 3.5*10^-13 4.4*10^-14 3.9*10^-13 2.4*10^-14 1.2*10^-17 5.0*10^-13 2.5*10^-14 1.4*10^-4 1.4*10^-4 12 9500 3.0*10^-5 80 1500];

r = -((kf(1)*y(1) - kb(1)*y(2)*y(3)) + (kf(3)*y(4)*y(1) - kb(3)*y(7)*y(8)) + (kf(4)*y(1)*y(3) - kb(4)*y(2)*y(14)) + (kf(5)*y(1)*y(6) - kb(5)*y(9)*y(3)) + (kf(6)*y(1)*y(6) - kb(6)*y(2)*y(8)) + (kf(7)*y(1)*y(2) - kb(7)*y(10)*y(3)) + (kf(8)*y(5)*y(1) - kb(8)*y(11)*y(2)) + (kf(9)*y(5)*y(1) - kb(9)*y(7)*y(3)) + (kf(10)*y(5)*y(1) - kb(10)*y(12)*y(8)));